1.0e-5	0.003003000000000025
1.0115911122238297e-5	0.003003000000000027
1.0233165783302449e-5	0.003003000000000028
1.0351779556301762e-5	0.0030030000000000295
1.0471768194855202e-5	0.0030030000000000317
1.05931476351837e-5	0.003003000000000033
1.0715933998226711e-5	0.0030030000000000343
1.084014359178331e-5	0.003003000000000036
1.0965792912678098e-5	0.0030030000000000378
1.1092898648952227e-5	0.0030030000000000404
1.1221477682079803e-5	0.003003000000000042
1.135154708920999e-5	0.0030030000000000443
1.1483124145435112e-5	0.003003000000000047
1.1616226326085018e-5	0.0030030000000000495
1.1750871309048075e-5	0.003003000000000051
1.1887076977119033e-5	0.0030030000000000542
1.2024861420374123e-5	0.0030030000000000573
1.216424293857368e-5	0.00300300000000006
1.2305240043592616e-5	0.0030030000000000633
1.244787146187906e-5	0.003003000000000066
1.259215613694151e-5	0.00300300000000007
1.2738113231864785e-5	0.0030030000000000738
1.288576213185518e-5	0.0030030000000000772
1.3035122446815089e-5	0.003003000000000081
1.3186214013947486e-5	0.003003000000000085
1.3339056900390587e-5	0.00300300000000009
1.3493671405883065e-5	0.003003000000000094
1.3650078065460137e-5	0.0030030000000000993
1.3808297652180924e-5	0.003003000000000105
1.3968351179887397e-5	0.0030030000000001097
1.4130259905995336e-5	0.003003000000000116
1.429404533431761e-5	0.0030030000000001215
1.4459729217920196e-5	0.003003000000000128
1.4627333562011299e-5	0.003003000000000135
1.4796880626863964e-5	0.003003000000000141
1.4968392930772556e-5	0.003003000000000149
1.514189325304352e-5	0.0030030000000001566
1.53174046370208e-5	0.0030030000000001644
1.5494950393146317e-5	0.0030030000000001735
1.567455410205595e-5	0.0030030000000001817
1.5856239617711373e-5	0.0030030000000001913
1.60400310705682e-5	0.0030030000000002017
1.622595287078087e-5	0.003003000000000212
1.6414029711444665e-5	0.0030030000000002234
1.6604286571875295e-5	0.003003000000000234
1.6796748720926532e-5	0.0030030000000002472
1.699144172034626e-5	0.00300300000000026
1.7188391428171457e-5	0.0030030000000002732
1.7387624002162504e-5	0.0030030000000002876
1.7589165903277326e-5	0.0030030000000003023
1.7793043899185774e-5	0.0030030000000003183
1.7999285067824765e-5	0.0030030000000003344
1.8207916800994626e-5	0.0030030000000003517
1.841896680799711e-5	0.0030030000000003704
1.86324631193156e-5	0.003003000000000389
1.8848434090337955e-5	0.0030030000000004094
1.906690840512252e-5	0.003003000000000431
1.928791508020778e-5	0.0030030000000004537
1.9511483468466162e-5	0.0030030000000004766
1.9737643263002554e-5	0.003003000000000502
1.9966424501097934e-5	0.003003000000000528
2.0197857568198786e-5	0.0030030000000005556
2.0431973201952705e-5	0.003003000000000584
2.066880249629082e-5	0.0030030000000006154
2.09083769055575e-5	0.0030030000000006466
2.1150728248687946e-5	0.0030030000000006805
2.1395888713434215e-5	0.003003000000000715
2.1643890860640203e-5	0.003003000000000753
2.1894767628566205e-5	0.0030030000000007915
2.2148552337263592e-5	0.003003000000000833
2.2405278693000182e-5	0.0030030000000008765
2.266498079273693e-5	0.0030030000000009225
2.2927693128656486e-5	0.0030030000000009697
2.3193450592744275e-5	0.0030030000000010205
2.3462288481422625e-5	0.003003000000001073
2.3734242500238664e-5	0.0030030000000011285
2.4009348768606518e-5	0.0030030000000011874
2.4287643824604506e-5	0.0030030000000012495
2.45691646298279e-5	0.0030030000000013145
2.4853948574297985e-5	0.003003000000001383
2.5142033481427965e-5	0.0030030000000014546
2.543345761304648e-5	0.00300300000000153
2.5728259674479322e-5	0.00300300000000161
2.6026478819690045e-5	0.0030030000000016936
2.63281546564802e-5	0.0030030000000017816
2.6633327251749808e-5	0.003003000000001875
2.694203713681882e-5	0.003003000000001972
2.725432531281028e-5	0.0030030000000020743
2.7570233256095827e-5	0.0030030000000021823
2.7889802923804396e-5	0.003003000000002296
2.8213076759394707e-5	0.003003000000002415
2.8540097698292376e-5	0.00300300000000254
2.8870909173592348e-5	0.003003000000002673
2.9205555121827452e-5	0.003003000000002812
2.95440799888038e-5	0.003003000000002958
2.9886528735503827e-5	0.003003000000003112
3.0232946844057763e-5	0.003003000000003274
3.0583380323784315e-5	0.0030030000000034443
3.0937875717301366e-5	0.003003000000003623
3.12964801067075e-5	0.0030030000000038125
3.165924111983521e-5	0.0030030000000040103
3.2026206936576505e-5	0.003003000000004219
3.2397426295281954e-5	0.0030030000000044374
3.277294849923382e-5	0.003003000000004669
3.315282342319423e-5	0.003003000000004912
3.353710152002929e-5	0.0030030000000051678
3.392583382740992e-5	0.003003000000005436
3.4319071974590426e-5	0.0030030000000057185
3.4716868189265594e-5	0.003003000000006016
3.511927530450728e-5	0.003003000000006329
3.552634676578139e-5	0.003003000000006658
3.5938136638046256e-5	0.0030030000000070044
3.6354699612933176e-5	0.0030030000000073687
3.677609101601031e-5	0.003003000000007752
3.720236681413066e-5	0.0030030000000081554
3.7633583622865324e-5	0.003003000000008579
3.806979871402284e-5	0.003003000000009026
3.8511070023255685e-5	0.0030030000000094955
3.895745615775501e-5	0.003003000000009989
3.940901640403448e-5	0.0030030000000105085
3.986581073580439e-5	0.003003000000011055
4.032789982193705e-5	0.0030030000000116305
4.079534503452449e-5	0.003003000000012235
4.1268208457029516e-5	0.0030030000000128712
4.174655289253135e-5	0.003003000000013541
4.223044187206672e-5	0.0030030000000142456
4.271993966306776e-5	0.0030030000000149863
4.321511127789762e-5	0.003003000000015765
4.371602248248502e-5	0.0030030000000165853
4.4222739805058974e-5	0.0030030000000174483
4.473533054498463e-5	0.0030030000000183556
4.525386278170167e-5	0.0030030000000193105
4.577840538376616e-5	0.003003000000020315
4.630902801799737e-5	0.003003000000021371
4.684580115873045e-5	0.003003000000022483
4.738879609717651e-5	0.0030030000000236525
4.793808495089107e-5	0.0030030000000248825
4.849374067335233e-5	0.0030030000000261766
4.9055837063650453e-5	0.003003000000027538
4.962444877628913e-5	0.0030030000000289703
5.0199651331100794e-5	0.0030030000000304774
5.0781521123276707e-5	0.0030030000000320625
5.137013543351339e-5	0.0030030000000337296
5.196557243827657e-5	0.0030030000000354842
5.2567911220184194e-5	0.0030030000000373304
5.3177231778509664e-5	0.003003000000039272
5.379361503980698e-5	0.0030030000000413146
5.441714286865888e-5	0.003003000000043463
5.5047898078549675e-5	0.0030030000000457243
5.5685964442864085e-5	0.0030030000000481017
5.633142670601352e-5	0.0030030000000506045
5.6984370594691364e-5	0.003003000000053236
5.764488282925873e-5	0.0030030000000560047
5.8313051135262185e-5	0.003003000000058918
5.8988964255084936e-5	0.003003000000061982
5.9672711959733106e-5	0.0030030000000652057
6.0364385060758635e-5	0.0030030000000685975
6.106407542232036e-5	0.003003000000072165
6.177187597338488e-5	0.0030030000000759185
6.248788072006888e-5	0.0030030000000798676
6.321218475812448e-5	0.0030030000000840214
6.394488428556937e-5	0.003003000000088391
6.468607661546321e-5	0.003003000000092989
6.543586018883229e-5	0.003003000000097825
6.619433458774387e-5	0.0030030000001029125
6.696160054853215e-5	0.003003000000108266
6.773775997517745e-5	0.0030030000001138963
6.852291595284057e-5	0.0030030000001198204
6.9317172761554e-5	0.0030030000001260524
7.012063589007177e-5	0.0030030000001326084
7.09334120498799e-5	0.0030030000001395056
7.175560918936922e-5	0.0030030000001467615
7.258733650817246e-5	0.0030030000001543943
7.342870447166758e-5	0.0030030000001624235
7.42798248256491e-5	0.0030030000001708716
7.514081061116962e-5	0.003003000000179759
7.601177617955322e-5	0.003003000000189108
7.689283720758305e-5	0.003003000000198943
7.778411071286482e-5	0.00300300000020929
7.868571506936843e-5	0.003003000000220175
7.959777002314978e-5	0.0030030000002316264
8.05203967082547e-5	0.0030030000002436727
8.145371766280738e-5	0.0030030000002563458
8.239785684528512e-5	0.0030030000002696784
8.335293965098187e-5	0.003003000000283704
8.431909292866252e-5	0.0030030000002984583
8.529644499741017e-5	0.003003000000313981
8.628512566366887e-5	0.00300300000033031
8.728526623848371e-5	0.00300300000034749
8.829699955494083e-5	0.0030030000003655613
8.932045998580959e-5	0.0030030000003845735
9.035578346138921e-5	0.003003000000404574
9.140310748756223e-5	0.003003000000425615
9.246257116405733e-5	0.00300300000044775
9.353431520292377e-5	0.0030030000004710364
9.461848194721992e-5	0.003003000000495533
9.571521538991856e-5	0.003003000000521304
9.682466119303113e-5	0.003003000000548415
9.794696670695385e-5	0.0030030000005769357
9.908228099003788e-5	0.00300300000060694
0.00010023075482838653	0.003003000000638504
0.00010139254075588153	0.0030030000006717097
0.00010256779307444219	0.003003000000706642
0.00010375666787451859	0.0030030000007433906
0.00010495932305582277	0.0030030000007820502
0.00010617591834830001	0.003003000000822721
0.00010740661533334334	0.003003000000865505
0.00010865157746525384	0.0030030000009105156
0.00010991097009294972	0.003003000000957865
0.0001111849604819271	0.0030030000010076775
0.00011247371783647519	0.0030030000010600796
0.00011377741332214914	0.003003000001115207
0.00011509622008850323	0.0030030000011732
0.00011643031329208767	0.0030030000012342094
0.00011777987011971193	0.003003000001298391
0.0001191450698119776	0.003003000001365909
0.00012052609368708426	0.0030030000014369383
0.00012192312516491107	0.0030030000015116606
0.0001233363497913776	0.0030030000015902683
0.00012476595526308696	0.0030030000016729626
0.00012621213145225474	0.0030030000017599564
0.00012767507043192657	0.0030030000018514734
0.0001291549665014884	0.003003000001947748
0.00013065201621247213	0.0030030000020490294
0.00013216641839466052	0.0030030000021555757
0.00013369837418249466	0.0030030000022676618
0.00013524808704178755	0.003003000002385575
0.0001368157627967472	0.003003000002509618
0.00013840160965731315	0.003003000002640111
0.00014000583824680976	0.003003000002777387
0.00014162866162991988	0.0030030000029218
0.0001432702953409831	0.003003000003073721
0.00014493095741262166	0.0030030000032335393
0.00014661086840469845	0.003003000003401666
0.00014831025143361044	0.003003000003578533
0.00015002933220192182	0.003003000003764594
0.00015176833902834055	0.003003000003960327
0.00015352750287804228	0.003003000004166235
0.000155307057393346	0.003003000004382847
0.00015710723892474506	0.003003000004610718
0.0001589282865622978	0.003003000004850434
0.00016077044216738237	0.0030030000051026106
0.00016263395040481922	0.003003000005367895
0.00016451905877536624	0.003003000005646968
0.00016642601764859036	0.0030030000059405467
0.00016835508029612025	0.0030030000062493843
0.00017030650292528443	0.0030030000065742746
0.0001722805447131394	0.0030030000069160502
0.00017427746784089192	0.0030030000072755894
0.00017629753752872057	0.0030030000076538142
0.0001783410220710008	0.003003000008051697
0.00018040819287193827	0.003003000008470256
0.00018249932448161524	0.0030030000089105694
0.00018461469463245476	0.003003000009373764
0.0001867545842761076	0.00300300000986103
0.00018891927762076664	0.003003000010373617
0.00019110906216891378	0.003003000010912841
0.00019332422875550454	0.0030030000114800847
0.00019556507158659492	0.0030030000120768044
0.00019783188827841644	0.0030030000127045297
0.0002001249798969037	0.0030030000133648735
0.00020244465099768038	0.003003000014059526
0.00020479120966650856	0.003003000014790272
0.0002071649675602069	0.0030030000155589847
0.0002095662399480433	0.0030030000163676356
0.0002119953457536071	0.0030030000172182984
0.00021445260759716674	0.0030030000181131555
0.00021693835183851843	0.003003000019054501
0.00021945290862033137	0.003003000020044749
0.0002219966119119955	0.0030030000210864364
0.0002245697995539774	0.003003000022182236
0.0002271728133026905	0.0030030000233349564
0.0002298059988758851	0.0030030000245475524
0.0002324697059985648	0.003003000025823131
0.00023516428844943486	0.0030030000271649634
0.00023789010410788934	0.003003000028576486
0.00024064751500154242	0.0030030000300613176
0.00024343688735431105	0.0030030000316232626
0.00024625859163505465	0.0030030000332663224
0.00024911300260677886	0.0030030000349947064
0.0002520004993764092	0.0030030000368128414
0.0002549214654451423	0.0030030000387253853
0.0002578762887593801	0.0030030000407372365
0.0002608653617622548	0.003003000042853546
0.00026388908144575103	0.003003000045079734
0.0002669478494034321	0.0030030000474214995
0.00027004207188377727	0.0030030000498848393
0.0002731721598441376	0.003003000052476057
0.000276338529005317	0.0030030000552017863
0.00027954159990678566	0.0030030000580690028
0.0002827817979625341	0.0030030000610850433
0.0002860595535175742	0.003003000064257626
0.000289375301905095	0.0030030000675948677
0.0002927294835042816	0.003003000071105304
0.00029612254379880347	0.0030030000747979144
0.00029955493343598134	0.003003000078682142
0.0003030271082866396	0.00300300008276792
0.0003065395295056527	0.0030030000870656954
0.0003100926635931927	0.003003000091586452
0.00031368698245668765	0.003003000096341749
0.00031732296347349763	0.0030030001013437372
0.00032100108955431715	0.0030030001066051987
0.00032472184920731285	0.0030030001121395767
0.0003284857366030044	0.0030030001179610086
0.0003322932516398972	0.0030030001240843626
0.0003361449000108765	0.0030030001305252777
0.0003400411932703706	0.0030030001373001977
0.00034398264890229247	0.0030030001444264196
0.00034796979038876914	0.003003000151922132
0.0003520031472796679	0.003003000159806465
0.0003560832552629278	0.003003000168099535
0.000360210656235707	0.0030030001768224976
0.00036438589837635443	0.0030030001859976045
0.0003686095362172158	0.0030030001956482502
0.00037288213071828336	0.0030030002057990406
0.00037720424934169976	0.003003000216475852
0.00038157646612712486	0.003003000227705894
0.00038599936176797673	0.0030030002395177824
0.000390473523688556	0.0030030002519416065
0.0003949995461220643	0.00300300026500901
0.000399578030189527	0.003003000278753266
0.0004042095839796306	0.003003000293209365
0.00040889482262948605	0.0030030003084140994
0.0004136343684063274	0.003003000324406158
0.00041842885079015804	0.0030030003412262244
0.00042327890655735487	0.003003000358917076
0.0004281851798652411	0.003003000377523694
0.0004331483223376399	0.0030030003970933764
0.000438168993151419	0.0030030004176758523
0.0004432478591240396	0.003003000439323415
0.0004483855948021186	0.0030030004620910443
0.0004535828825510186	0.0030030004860365496
0.0004588404126454757	0.003003000511220714
0.00046415888336127773	0.003003000537707442
0.0004695390010680058	0.0030030005655639273
0.00047498148032285	0.003003000594860812
0.0004804870439655129	0.003003000625672368
0.0004860564232142134	0.003003000658076684
0.0004916903577628026	0.0030030006921558526
0.0004973895958790063	0.003003000727996182
0.0005031548945038051	0.003003000765688409
0.000508987019351968	0.0030030008053279237
0.0005148867450137492	0.0030030008470150068
0.000520854855057766	0.0030030008908550777
0.0005268921421350671	0.00300300093695896
0.0005329994080844088	0.0030030009854431503
0.00053917746403875	0.0030030010364301136
0.0005454271305329831	0.003003001090048578
0.0005517492376129123	0.0030030011464338632
0.0005581446249454961	0.0030030012057282065
0.0005646141419303667	0.0030030012680811176
0.0005711586478126429	0.0030030013336497462
0.0005777790117970502	0.0030030014025992707
0.0005844761131633631	0.0030030014751033026
0.0005912508413831875	0.0030030015513443148
0.0005981040962380938	0.0030030016315140905
0.0006050367879391218	0.0030030017158141904
0.0006120498372476697	0.003003001804456452
0.0006191441755977841	0.0030030018976635025
0.0006263207452198687	0.0030030019956693074
0.0006335804992658248	0.003003002098719741
0.000640924401935645	0.0030030022070731844
0.000648353428605472	0.0030030023210011582
0.0006558685659571429	0.0030030024407889794
0.0006634708121092344	0.0030030025667364597
0.0006711611767496279	0.003003002699158628
0.0006789406812696106	0.0030030028383864994
0.00068681035889953	0.003003002984767872
0.0006947712548460233	0.003003003138668171
0.0007028244264308346	0.003003003300471326
0.0007109709432312431	0.0030030034705807052
0.0007192118872221186	0.0030030036494200782
0.0007275483529196225	0.0030030038374346357
0.0007359814475265764	0.0030030040350920626
0.0007445122910795136	0.0030030042428836516
0.0007531420165974376	0.0030030044613254853
0.0007618717702322999	0.003003004690959662
0.0007707027114212304	0.003003004932355593
0.0007796360130405237	0.0030030051861113533
0.0007886728615614156	0.003003005452855106
0.0007978144572076629	0.003003005733246589
0.0008070620141149507	0.003003006027978676
0.0008164167604921472	0.0030030063377790178
0.0008258799387844272	0.0030030066634117512
0.0008354528058382871	0.0030030070056792997
0.0008451366330684721	0.0030030073654242584
0.0008549327066268385	0.0030030077435313682
0.0008648423275731727	0.0030030081409295815
0.0008748668120479914	0.003003008558594231
0.0008850074914473439	0.0030030089975493024
0.0008952657125996401	0.0030030094588698094
0.0009056428379445294	0.0030030099436842836
0.0009161402457138521	0.003003010453177387
0.0009267593301146883	0.00300301098859264
0.000937501501514529	0.0030030115512352826
0.0009483681866285928	0.0030030121424752705
0.0009593608287093146	0.0030030127637504078
0.0009704808877380307	0.0030030134165696274
0.0009817298406188842	0.003003014102516428
0.00099310918137498	0.0030030148232524667
0.0010046204213468132	0.0030030155805213185
0.001016265089392995	0.0030030163761524124
0.0010280447320933097	0.0030030172120651464
0.0010399609139541202	0.0030030180902731922
0.0010520152176161591	0.003003019012888997
0.0010642092440647246	0.003003019982128497
0.001076544612842316	0.0030030210003160335
0.0010890229622637305	0.003003022069889504
0.001101645949633657	0.003003023193405741
0.001114415251466788	0.0030030243735461367
0.0011273325637104871	0.0030030256131225157
0.0011403996019700331	0.0030030269150832767
0.0011536181017364785	0.0030030282825198075
0.0011669898186171474	0.0030030297186731825
0.0011805165285688056	0.0030030312269411596
0.0011942000281335325	0.0030030328108854904
0.0012080421346773289	0.0030030344742395416
0.0012220446866314887	0.003003036220916267
0.0012362095437367692	0.003003038055016508
0.0012505385872903915	0.003003039980837675
0.0012650337203959038	0.0030030420028827904
0.0012796968682159415	0.00300304412586993
0.001294529978227916	0.003003046354742067
0.0013095350204826678	0.003003048694677335
0.0013247139878661174	0.0030030511510997383
0.0013400688963639508	0.0030030537296902977
0.001355601785329369	0.003003056436398686
0.0013713147177539457	0.0030030592774553367
0.001387209780541621	0.0030030622593840714
0.0014032890847858733	0.0030030653890152385
0.0014195547660501016	0.0030030686734994053
0.0014360089846512606	0.003003072120321608
0.0014526539259467812	0.003003075737316185
0.0014694918006248172	0.0030030795326822183
0.0014865248449978572	0.0030030835149995857
0.0015037553212997384	0.0030030876932456763
0.0015211855179861047	0.0030030920768127564
0.0015388177500383464	0.0030030966755260373
0.001556654359271062	0.0030031014996624505
0.0015746977146430868	0.003003106559970158
0.001592950212572123	0.0030031118676888233
0.0016114142772530198	0.0030031174345706664
0.0016300923609797412	0.0030031232729023304
0.0016489869444710648	0.0030031293955275775
0.0016681005372000592	0.003003135815870844
0.0016874356777273757	0.003003142547961687
0.001706994934038408	0.003003149606460135
0.0017267809038843558	0.0030031570066829842
0.0017467962151272458	0.003003164764631054
0.0017670435260889468	0.0030031728970174388
0.0017875255259042354	0.0030031814212967828
0.0018082449348779518	0.003003190355695602
0.0018292045048462937	0.0030031997192436757
0.0018504070195423021	0.003003209531806559
0.0018718552949655793	0.003003219814119217
0.0018935521797562953	0.003003230587820825
0.0019155005555735278	0.0030032418754907674
0.001937703337477989	0.0030032537006858483
0.0019601634743191855	0.0030032660879787607
0.0019828839491270716	0.0030032790629978315
0.002005867779508234	0.003003292652468078
0.002029118018046678	0.0030033068842535964
0.002052637752709252	0.0030033217874013327
0.0020764301072557748	0.0030033373921862297
0.0021004982416539153	0.0030033537301578177
0.0021248453524988827	0.003003370834188249
0.0021494746734379805	0.0030033887385218193
0.00217438947560008	0.003003407478825996
0.0021995930680300748	0.003003427092243991
0.0022250887981283695	0.003003447617448894
0.002250880052095462	0.0030034690946994028
0.00227697025538168	0.003003491565897175
0.0023033628731421313	0.00300351507464582
0.002330061410696925	0.003003539666311575
0.002357069413996728	0.0030035653880856627
0.0023843904700937206	0.0030035922890483905
0.002412028207618007	0.0030036204202349807
0.00243998629725955	0.003003649834703184
0.0024682684522556926	0.003003680587602676
0.0024968784288843266	0.0030037127362462857
0.0025258200269627847	0.0030037463401830426
0.002555097090352507	0.0030037814612731105
0.002584713507469564	0.0030038181637645762
0.002614673211801092	0.0030038565143721617
0.00264498018242772	0.003003896582357851
0.0026756384445520455	0.003003938439613453
0.0027066520700332413	0.0030039821607451417
0.0027380251779278576	0.003004027823159957
0.0027697619350368907	0.003004075507154322
0.002801866556459195	0.0030041252960045675
0.002834343306151309	0.0030041772760594936
0.0028671964974937695	0.0030042315368349853
0.0029004304938639917	0.003004288171110705
0.002934049709215787	0.003004347275028863
0.0029680586086656023	0.003004408948195113
0.003002461709085549	0.0030044732937815582
0.0030372635797033115	0.0030045404186319186
0.0030724688427090033	0.0030046104333688625
0.0031080821738690635	0.0030046834525035205
0.0031441083031472647	0.0030047595945472197
0.0031805520153329195	0.0030048389821254466
0.0032174181506763712	0.003004921742094078
0.003254711605531848	0.0030050080056578834
0.003292437333007769	0.0030050979084913607
0.0033306003436245884	0.003005191590861905
0.003369205705980267	0.0030052891977553585
0.003408258547423452	0.003005390879003978
0.0034477640547344642	0.0030054967894168503
0.0034877274748141775	0.0030056070889128055
0.003528154115380883	0.0030057219426558664
0.0035690493456752297	0.0030058415211932843
0.0036104185971733375	0.003005966000596216
0.0036522673643081755	0.003006095562603096
0.0036946012051993025	0.003006230394765761
0.003737425742391064	0.003006370690598403
0.0037807466635993493	0.0030065166497294116
0.0038245697224669993	0.0030066684780561807
0.0038689007393279753	0.003006826387902971
0.003913745601980384	0.003006990598181901
0.0039591102664684585	0.003007161334557177
0.004005000757873611	0.0030073388296126408
0.004051423171114647	0.00300752332302276
0.0040983836717572615	0.0030077150617271605
0.004145888496832911	0.0030079143001088267
0.004193943955667186	0.0030081213001760926
0.004242556430717777	0.003008336331748565
0.004291732378422158	0.0030085596726471117
0.004341478330055093	0.0030087916088880656
0.004391800892596086	0.003009032434881808
0.004442706749606883	0.003009282453635896
0.004494202662119142	0.0030095419769628927
0.0045462954695324	0.0030098113256931043
0.004598992090522438	0.0030100908298924035
0.004652299523960189	0.0030103808290853286
0.004706224849841282	0.0030106816724836845
0.004760775230226368	0.003010993719220849
0.00481595791019235	0.003011317338592008
0.004871780218794631	0.0030116529103005637
0.004928249570040513	0.003012000824710942
0.004985373463873894	0.0030123614831080625
0.005043159487171359	0.0030127352979637256
0.005101615314749833	0.0030131226932101824
0.005160748710385908	0.003013524104521162
0.005220567527846975	0.0030139399796006465
0.005281079711934331	0.0030143707784796845
0.005342293299538352	0.0030148169738215412
0.005404216420705914	0.0030152790512354946
0.00546685729972018	0.0030157575095996012
0.0055302242561929005	0.0030162528613927536
0.005594325706169377	0.003016765633036355
0.005659170163246243	0.003017296365245974
0.005724766239702178	0.003017845613393302
0.005791122647641758	0.003018413947878792
0.005858248200152536	0.003019001954515333
0.005926151812475552	0.003019610234923335
0.005994842503189409	0.0030202394069376035
0.006064329395408062	0.003020890105026396
0.006134621717992506	0.003021562980723046
0.0062057288067765	0.003022258703070562
0.0062776601058065	0.003022977959079622
0.0063504251685959625	0.0030237214542003592
0.006424033659394191	0.0030244899128083758
0.006498495354469888	0.0030252840787054233
0.006573820143409586	0.0030261047156351765
0.006650018030431118	0.0030269526078145538
0.006727099135712337	0.003027828560481042
0.006805073696735207	0.0030287334004564835
0.0068839520696454964	0.003029667976727799
0.006963744730628222	0.003030633161045123
0.007044462277299037	0.0030316298485378486
0.007126115430111745	0.0030326589583490548
0.007208715033782135	0.0030337214342888506
0.007292272058728313	0.0030348182455071297
0.007376797602527731	0.003035950387186255
0.007462302891391108	0.0030371188812542255
0.007548799281653432	0.003038324777118845
0.007636298261282242	0.0030395691524234603
0.0077248114514034	0.0030408531138248246
0.007814350607844541	0.0030421777977936546
0.00790492762269642	0.0030435443714384755
0.007996554525892346	0.003044954033353346
0.008089243486805939	0.0030464080144900654
0.008183006815867389	0.003047907579055486
0.008277856966198472	0.0030494540254345686
0.00837380653526649	0.003051048687139818
0.008470868266557402	0.0030526929337877594
0.008569055051268348	0.0030543881721031402
0.008668379930019773	0.003056135846951518
0.008768856094587427	0.0030579374424009736
0.008870496889654403	0.003059794482813635
0.00897331581458352	0.003061708533967757
0.009077326525210224	0.0030636812042111154
0.009182542835656282	0.003065714145646468
0.009288978720164497	0.003067809055349875
0.009396648314954691	0.0030699676766226696
0.009505565920101192	0.0030721918002779153
0.009615746001432095	0.0030744832659621683
0.009727203192450537	0.0030768439635134198
0.009839952296278227	0.003079275834356074
0.009954008287621519	0.0030817808729338794
0.010069386314760276	0.003084361128181715
0.010186101701559758	0.00308701870503717
0.01030416994950588	0.0030897557659928803
0.010423606739764018	0.003092574532690598
0.01054442793526169	0.003095477287557994
0.010666649582795392	0.0030984663754892155
0.010790287915161841	0.0031015442055702504
0.010915359353313916	0.0031047132528501608
0.011041880508541607	0.003107976060159277
0.01116986818467823	0.003111335239975473
0.011299339380332223	0.0031147934763396533
0.011430311291144793	0.003118353526821619
0.01156280131207376	0.0031220182245374987
0.011696827039703853	0.003125790480219951
0.011832406274583786	0.0031296732843423725
0.011969557023590434	0.0031336697092983813
0.012108297502320401	0.0031377829116378377
0.012248646137509313	0.0031420161343607266
0.012390621569479163	0.003146372709270237
0.012534242654614001	0.003150856059386368
0.012679528467864345	0.003155469701421474
0.012826498305280605	0.003160217248319131
0.012975171686575875	0.0031651024118577614
0.013125568357718434	0.0031701290053204626
0.013277708293554298	0.0031753009462325223
0.01343161170046016	0.0031806222591681055
0.013587299019027098	0.0031860970786276427
0.013744790926775373	0.003191729651987461
0.013904108340900704	0.003197524342523201
0.014065272421052372	0.0032034856325086356
0.014228304572143526	0.003209618126391456
0.014393226447194072	0.003215926554047667
0.014560059950206494	0.0032224157741162374
0.014728827239075025	0.003229090777415621
0.014899550728528544	0.0032359566904438726
0.015072253093107562	0.0032430187789639943
0.015246957270175738	0.003250282451676241
0.015423686462966282	0.003257753263979071
0.015602464143663687	0.003265436921820481
0.015783314056521173	0.0032733392856414203
0.01596626022101426	0.0032814663744130438
0.016151326935030904	0.0032898243697695134
0.016338538778098613	0.0032984196202381012
0.016527920614648948	0.0033072586455682976
0.01671949759731989	0.003316348141161693
0.01691329517029648	0.003325694982604308
0.017109339072690143	0.0033353062303031187
0.01730765534195725	0.0033451891342284458
0.017508270317357244	0.0033553511387639005
0.017711210643450877	0.0033657998876655383
0.017916503273639004	0.003376543229131852
0.018124175473742368	0.0033875892209861936
0.018334254825622898	0.0033989461359732174
0.018546769230846985	0.0034106224671708292
0.018761746914391204	0.0034226269335191606
0.018979216428391003	0.003434968485467972
0.01919920665593284	0.0034476563107438615
0.019421746814890256	0.003460699840238589
0.019646866461804455	0.0034741087540197542
0.01987459549580983	0.003487892987464981
0.02010496416260498	0.003502062737520683
0.02033800305846981	0.003516628469086392
0.020573743134329126	0.003531600921525523
0.02081221569986338	0.0035469911153033404
0.02105345242766705	0.003562810358752765
0.0212974853574552	0.003579070254968544
0.021544346900318832	0.003595782708830127
0.021794069843029548	0.0036129599341535
0.022046687352394085	0.0036306144609719814
0.022302232979659373	0.003648759142945885
0.022560740664968604	0.0036674071649007004
0.02282224474186897	0.0036865720504932814
0.023086779941871683	0.0037062676700052688
0.02335438139906478	0.003726508248262779
0.023625084654779464	0.0037473083726811047
0.02389892566231049	0.003768683001432915
0.024175940791691296	0.003790647471738169
0.024456166834524454	0.0038132175082736123
0.024739641008868128	0.003836409231699445
0.02502640096417918	0.003860239167300358
0.025316484786313542	0.003884724253737808
0.02560993100258458	0.003909881851909971
0.025906778586880074	0.003935729753915427
0.026207066964838512	0.003962286192116173
0.026510836019085375	0.003989569848295101
0.026818126094530142	0.0040175998629025985
0.027128978003724658	0.004046395844386381
0.027443433032283655	0.004075977878598142
0.02776153294436801	0.0041063665382700286
0.028083319988231725	0.004137582892553317
0.028408836901833042	0.004169648516611058
0.028738126918510663	0.004202585501255746
0.029071233772725785	0.004236416462622395
0.029408201705870638	0.004271164551866646
0.029749075472144407	0.004306853464876736
0.030093900344497212	0.004343507451987363
0.03044272212064303	0.004381151327682617
0.030795587129142266	0.004419810480274239
0.03115254223555488	0.0044595108815405566
0.03151363484866479	0.004500279096310434
0.031878912926776456	0.004542142291975601
0.03224842498408442	0.004585128247913588
0.0326222200971167	0.004629265364802476
0.03300034791125285	0.0046745826738074404
0.03338285864731761	0.004721109845617887
0.033769803108250916	0.004768877199312782
0.03416123268585528	0.004817915711030426
0.034557199367621395	0.0048682570224175825
0.03495775574363275	0.004919933448831573
0.035362955013550426	0.00497297798726739
0.03577285099367873	0.005027424323980523
0.0361874981241128	0.005083306841774578
0.03660695147596903	0.00514066062692129
0.03703126675869927	0.005199521475678813
0.03746050032748993	0.005259925900372633
0.037894709190746674	0.005321911135001641
0.03833395101766601	0.005385515140330291
0.03877828414589457	0.0054507766084258644
0.03922776758927719	0.005517734966598171
0.03968246104569482	0.005586430380697124
0.04014242490499322	0.005656903757721761
0.040607720257003654	0.0057291967476924294
0.041078408899656464	0.005803351744735903
0.04155455334718875	0.005879411887331341
0.04203621683844714	0.00595742105766296
0.04252346334528682	0.006037423880023524
0.04301635758106795	0.006119465718210654
0.0435149650092505	0.006203592671856168
0.044019351852088745	0.006289851571626721
0.044529585099426554	0.006378289973232136
0.04504573251759458	0.00646895615017603
0.04556786265841064	0.006561899085181528
0.04609604486828434	0.006657168460223144
0.04663034929742731	0.006754814645094286
0.04717084690917017	0.00685488868443829
0.047717609489387455	0.006957442283169358
0.04827070965603183	0.007062527790208548
0.0488302208687788	0.0071701981804586645
0.04939621743878321	0.007280507034940854
0.04996877453854884	0.007393508519014861
0.0505479682119124	0.00750925735860413
0.05113387538414326	0.007627808814346426
0.05172657387216019	0.007749218653590458
0.05232614239486662	0.007873543120158822
0.052932660583605615	0.008000838901797926
0.05354620899273607	0.008131163095236002
0.05416686911033152	0.008264573168771253
0.054794723369002866	0.008401126922313226
0.05542985515684669	0.008540882444802231
0.05607234882852033	0.008683898068933374
0.05672228971644543	0.008830232323114341
0.05737976414214134	0.008979943880588743
0.05804485942768978	0.009133091505660107
0.05871766390733255	0.009289733996955494
0.05939826693920356	0.009449930127671985
0.06008675891719687	0.00961373858275401
0.0607832312829723	0.009781217892955198
0.06148777653810023	0.00995242636574418
0.062200488256347115	0.01012742201302069
0.06292146109610344	0.010306262475615426
0.06365079081295572	0.010489004944555244
0.0643885742724042	0.010675706079083882
0.06513490946272803	0.010866421921437733
0.0658898955079995	0.011061207808386386
0.06665363268124913	0.011260118279558261
0.06742622241778343	0.011463206982583426
0.06820776732865685	0.011670526575097737
0.06899837121430018	0.011882128623665606
0.0697981390783066	0.01209806349969226
0.07060717714137772	0.01231838027241085
0.07142559285543126	0.012543126599044928
0.07225349491787214	0.012772348612262388
0.07309099328602911	0.013006090805053647
0.07393819919175866	0.013244395913183575
0.07479522515621821	0.01348730479538439
0.07566218500481055	0.01373485631147475
0.07653919388230147	0.01398708719860872
0.0774263682681127	0.014244031945877133
0.07832382599179197	0.014505722667503135
0.07923168624866253	0.014772188974892759
0.08015006961565405	0.015043457847821221
0.08107909806731686	0.01531955350505463
0.08201889499202203	0.015600497274726602
0.08296958520834907	0.01588630746480803
0.08393129498166364	0.016176999234027236
0.08490415204088747	0.016472584463615988
0.0858882855954625	0.0167730716302744
0.08688382635251185	0.01707846568076479
0.08789090653419955	0.017388767908560324
0.08890965989529158	0.017703975832989296
0.08994022174092045	0.0180240830813293
0.09098272894455559	0.01834907927431791
0.09203731996618221	0.01867894991555694
0.09310413487069076	0.019013676285296245
0.0941833153464795	0.01935323533908992
0.0952750047242729	0.019697599611822665
0.09637934799615785	0.020046737127606545
0.09749649183484087	0.02040061131604882
0.0986265846131282	0.020759180935388963
0.09976977642363201	0.02112240000299834
0.10092621909870476	0.021490217733728036
0.10209606623060467	0.021862578486579805
0.10327947319189516	0.022239421720161853
0.10447659715608044	0.022620681957374062
0.10568759711848043	0.023006288759748122
0.10691263391734764	0.023396166711845086
0.10815187025522884	0.023790235416086995
0.10940547072057427	0.02418840949837042
0.11067360180959737	0.024590598624777815
0.11195643194838786	0.024996707529667605
0.11325413151528117	0.025406636055386293
0.11456687286348717	0.02582027920380544
0.11589483034398108	0.02623752719984322
0.11723818032865989	0.026658265567085178
0.11859710123376697	0.027082375215570897
0.11997177354358846	0.027509732541764368
0.12136237983442408	0.027940209540674266
0.12276910479883595	0.028373673930038396
0.12419213527017836	0.028809989286432844
0.12563166024741204	0.029249015193112397
0.12708787092020585	0.02969060739933419
0.12856096069432954	0.03013461799086225
0.13005112521734088	0.03058089557129647
0.13155856240457042	0.031029285453816145
0.1330834724654075	0.031479629862876314
0.134626057929891	0.0319317681453445
0.13618652367560818	0.03238553699051663
0.1377650769549054	0.032840770658404995
0.13936192742241424	0.03329730121564717
0.14097728716289668	0.033754958778344175
0.14261137071941288	0.03421357176109912
0.14426439512181577	0.03467296713149389
0.14593657991557565	0.03513297066921146
0.14762814719093897	0.035593407228986434
0.14933932161242522	0.03605410100654473
0.15107033044866544	0.036514875806677234
0.15282140360258697	0.03697555531258013
0.15459277364194773	0.03743596335558751
0.15638467583022467	0.03789592418442014
0.15819734815786002	0.03835526273307622
0.16003103137387004	0.038813804886498326
0.1618859690178198	0.039271377743162535
0.16376240745216877	0.039727809873752934
0.16566059589499144	0.04018293157510665
0.1675807864530768	0.04063657511863983
0.16952323415541207	0.041088574992495804
0.171488196987054	0.04153876813669031
0.17347593592339317	0.041986994170566415
0.1754867149648151	0.04243309561191253
0.1775208011717635	0.042876918087141364
0.17957846470020958	0.04331831053197352
0.18165997883753277	0.0437571253821189
0.18376562003881716	0.04419321875349949
0.18589566796356874	0.04462645061160944
0.18805040551285826	0.04505668492966176
0.19023011886689448	0.045483789835224976
0.19243509752303312	0.04590763774510764
0.19466563433422623	0.04632810548830308
0.19692202554791724	0.04674507441686048
0.19920457084538704	0.04715843050460245
0.20151357338155576	0.04756806443366054
0.2038493398252463	0.04797387166885195
0.20621218039991435	0.04837575251996915
0.20860240892485038	0.04877361219210203
0.21102034285685956	0.04916736082415683
0.21346630333242445	0.04955691351577916
0.21594061521035665	0.049942190342928176
0.21844360711494273	0.05032311636238718
0.2209756114795902	0.05069962160552917
0.22353696459097955	0.05107164106168906
0.22612800663372784	0.05143911465152142
0.2287490817355703	0.0518019871907491
0.2314005380130653	0.052160208344729855
0.2340827276178293	0.05251373257428789
0.23679600678330776	0.05286251907327297
0.23954073587208782	0.05320653169832337
0.24231727942375994	0.05354573889131913
0.24512600620333386	0.05388011359501914
0.24796728925021588	0.05420963316238085
0.250841505927754	0.05453427926006283
0.253749037973357	0.054854037766610284
0.25669027154919505	0.055168898665820684
0.2596655972934871	0.05547885593578142
0.2626754103723837	0.05578390743406464
0.26572011053245054	0.056084054779555005
0.2688001021537606	0.05637930323137554
0.27191579430360174	0.05666966156536454
0.2750676007908066	0.05695514194854244
0.2782559402207124	0.05723575981199284
0.281481236050758	0.05751153372256596
0.2847439166467246	0.05778248525379533
0.28804441533962966	0.058048638856401415
0.2913831704832787	0.058310021728737144
0.2947606255124857	0.058566663687511664
0.2981772290019672	0.05881859703910941
0.3016334347259196	0.05906585645180232
0.30512970171828696	0.059308478829133524
0.3086664943337273	0.05954650318473143
0.31224428230928564	0.059779970518793656
0.31586354082678175	0.060008923696461526
0.3195247505759212	0.06023340732828656
0.32322839781813795	0.06045346765297246
0.3269749744511767	0.0606691524225576
0.3307649780744241	0.060880510790186054
0.33459891205499737	0.06108759320059782
0.33847728559459817	0.061290451283452826
0.34240061379714243	0.06148913774958762
0.3463694177371733	0.061683706290288465
0.3503842245290674	0.06187421147965024
0.3544455673970434	0.06206070868007723
0.3585539857459816	0.0622432539509684
0.36271002523306467	0.06242190396061825
0.36691423784024924	0.06259671590135227
0.37116718194757653	0.06276774740790572
0.37546942240733355	0.06293505647904443
0.3798215306190735	0.06309870140241662
0.38422408460550594	0.06325874068261668
0.38867766908926665	0.06341523297243375
0.3931828755705769	0.06356823700725041
0.39774030240580355	0.0637178115425507
0.40235055488692917	0.06386401529449032
0.4070142453219438	0.06400690688347674
0.4117319931161678	0.06414654478070177
0.41650442485451844	0.06428298725756551
0.4213321743847288	0.06441629233792631
0.4262158829015324	0.06454651775310827
0.43115619903182273	0.06467372089959529
0.4361537789208005	0.06479795879933811
0.4412092863191189	0.06491928806259886
0.4463233926710396	0.06503776485325644
0.4514967772036101	0.06515344485649438
0.4567301270168746	0.06526638324879269
0.4620241371751312	0.06537663467014394
0.4673795107992462	0.06548425319841429
0.47279695916003894	0.06558929232576989
0.4782772017727484	0.0656918049370894
0.4838209664925956	0.06579184329028405
0.48942898961145304	0.06588945899844718
0.495102015955635	0.06598470301375645
0.5008407989848211	0.06607762561305232
0.5066461008921267	0.06616827638501879
0.5125186927053331	0.06625670421889229
0.5184593543892911	0.06634295729462726
0.5244688749495118	0.06642708307444792
0.5305480525369572	0.06650912829571766
0.5366976945540475	0.06658913896505883
0.5429186177618941	0.06666716035365806
0.5492116483887788	0.06674323699369342
0.5555776222398876	0.06681741267582228
0.5620173848083186	0.0668897304476699
0.5685317913873752	0.06696023261326137
0.5751217071841612	0.06702896073334096
0.5817880074344934	0.06709595562652516
0.588531577519145	0.06716125737123736
0.5953533130814369	0.06722490530837445
0.6022541201461927	0.06728693804465688
0.609234915240071	0.06734739345661636
0.6162966255132941	0.06740630869517665
0.6234401888627863	0.06746372019078495
0.6306665540567404	0.0675196636590532
0.6379766808606282	0.06757417410687035
0.6453715401646701	0.0676272858389485
0.6528521141127847	0.0676790324647671
0.6604193962330305	0.06772944690588163
0.6680743915695614	0.0677785614035643
0.6758181168161109	0.06782640752674614
0.6836516004510238	0.0678730161802314
0.6915758828738524	0.06791841761315606
0.6995920165435373	0.06796264142766499
0.7077010661181888	0.06800571658778187
0.7159041085964888	0.06804767142844911
0.7242022334607314	0.06808853366471491
0.732596542821523	0.06812833040104677
0.7410881515641569	0.0681670881407512
0.7496781874966876	0.06820483279548148
0.758367791499719	0.06824158969481504
0.7671581176779302	0.06827738359588478
0.7760503335133571	0.0683122386930481
0.7850456200204509	0.06834617862757947
0.7941451719029339	0.06837922649737278
0.8033501977124734	0.06841140486664062
0.8126619200091945	0.06844273577559878
0.822081575524054	0.06847324075012484
0.8316104153230961	0.06850294081138045
0.8412497049736117	0.06853185648538779
0.8510007247122245	0.06856000781255149
0.8608647696149244	0.06858741435711757
0.8708431497690724	0.06861409521656202
0.880937190447399	0.06864006903090211
0.8911482322840202	0.06866535399192385
0.9014776314524917	0.06868996785232
0.9119267598459297	0.06871392793473328
0.9224970052592174	0.06873725114069974
0.9331897715733238	0.06875995395948825
0.9440064789417603	0.06878205247683201
0.9549485639791966	0.0688035623835486
0.9660174799522645	0.06882449898404533
0.9772146969725725	0.06884487720470753
0.9885417021919574	0.0688647116021668
1.0	0.0688840163714477
